2000 212.94
2001 213.59
2002 213.59
2003 215.21
2004 216.83
2005 216.83
2006 217.80
2007 219.74
2008 220.39
2009 222.33
2010 223.30
2011 223.62
2012 226.21
2013 226.86
2014 229.45
2015 231.07
2016 233.01
2017 234.95
2018 236.57
2019 239.16
2020 240.45
2021 242.39
2022 244.01
2023 245.95
2024 248.87
2025 249.84
2026 252.43
2027 254.05
2028 257.93
2029 259.22
2030 261.49
2031 263.43
2032 265.70
2033 267.64
2034 269.90
2035 271.84
2036 275.40
2037 277.99
2038 280.26
2039 282.52
2040 286.73
2041 288.35
2042 293.53
2043 297.73
2044 300.65
2045 302.91
2046 305.18
2047 307.12
2048 310.68
2049 313.27
2050 314.89
2051 317.15
2052 320.06
2053 321.36
2054 323.62
2055 326.86
2056 330.10
2057 333.33
2058 336.57
2059 339.81
2060 343.04
2061 344.98
2062 346.28
2063 349.51
2064 352.75
2065 362.78
2066 367.64
2067 369.90
2068 374.11
2069 376.70
2070 378.96
2071 381.55
2072 385.76
2073 388.35
2074 391.91
2075 394.82
2076 396.44
2077 400.97
2078 403.24
2079 408.41
2080 412.94
2081 415.53
2082 420.06
2083 423.95
2084 427.18
2085 430.10
2086 433.66
2087 435.92
2088 438.19
2089 442.72
2090 444.98
2091 446.93
2092 449.84
2093 453.40
2094 455.99
2095 459.87
2096 462.78
2097 467.31
2098 469.90
2099 474.43
2100 477.02
2101 480.91
2102 483.50
2103 485.76
2104 490.61
2105 495.79
2106 500.32
2107 502.91
2108 507.44
2109 512.62
2110 517.48
2111 519.74
2112 524.92
2113 527.18
2114 531.39
2115 533.98
2116 538.19
2117 540.78
2118 543.69
2119 547.90
2120 552.10
2121 554.69
2122 559.22
2123 564.72
2124 569.58
2125 572.49
2126 576.05
2127 578.32
2128 579.94
2129 582.52
2130 585.44
2131 589.00
2132 591.59
2133 595.79
2134 598.06
2135 603.24
2136 608.09
2137 613.27
2138 615.86
2139 620.06
2140 624.92
2141 627.18
2142 631.07
2143 634.30
2144 636.25
2145 638.51
2146 640.78
2147 644.01
2148 646.60
2149 648.87
2150 650.81
2151 653.72
2152 656.96
2153 657.61
2154 660.19
2155 662.78
2156 663.43
2157 666.67
2158 666.99
2159 670.23
2160 672.82
2161 676.38
2162 678.96
2163 679.94
2164 682.85
2165 684.79
2166 686.08
2167 686.41
2168 689.00
2169 689.32
2170 689.64
2171 690.29
2172 691.91
2173 692.56
2174 692.56
2175 694.17
2176 695.47
2177 695.79
2178 696.44
2179 697.73
2180 698.38
2181 699.03
2182 699.03
2183 699.03
2184 699.35
2185 700.00
2186 700.97
2187 700.97
2188 701.62
2189 701.94
2190 702.27
2191 702.59
2192 704.21
2193 705.18
2194 705.83
2195 708.09
2196 708.74
2197 709.39
2198 711.33
2199 711.97
2200 711.97
2201 713.59
2202 714.89
2203 715.21
2204 715.53
2205 717.15
2206 717.80
2207 718.12
2208 718.45
2209 718.45
2210 718.45
2211 718.45
2212 717.80
2213 717.15
2214 715.53
2215 715.21
2216 714.56
2217 713.59
2218 712.62
2219 712.30
2220 711.97
2221 711.97
2222 711.65
2223 711.97
2224 711.65
2225 711.97
2226 711.97
2227 712.30
2228 712.30
2229 713.59
2230 714.89
2231 715.21
2232 715.53
2233 717.15
2234 717.15
2235 718.12
2236 718.12
2237 717.80
2238 716.50
2239 715.86
2240 715.21
2241 715.21
2242 715.21
2243 714.89
2244 714.56
2245 714.56
2246 714.56
2247 714.56
2248 713.92
2249 714.56
2250 713.92
2251 714.24
2252 714.24
2253 713.59
2254 712.94
2255 713.59
2256 712.94
2257 712.62
2258 712.30
2259 712.30
2260 711.97
2261 711.97
2262 711.97
2263 711.65
2264 711.65
2265 711.65
2266 711.65
2267 711.65
2268 711.97
2269 711.97
2270 711.97
2271 712.62
2272 713.27
2273 714.56
2274 715.21
2275 715.53
2276 717.15
2277 718.45
2278 718.45
2279 718.45
2280 718.45
2281 718.77
2282 718.77
2283 718.77
2284 718.45
2285 718.45
2286 718.45
2287 718.45
2288 718.12
2289 718.12
2290 717.15
2291 717.15
2292 716.18
2293 715.86
2294 715.53
2295 715.21
2296 715.21
2297 714.89
2298 714.24
2299 712.94
2300 712.30
2301 711.97
2302 711.97
2303 711.97
2304 711.65
2305 711.65
2306 711.97
2307 711.97
2308 711.97
2309 712.30
2310 713.27
2311 714.89
2312 715.53
2313 717.48
2314 718.45
2315 718.45
2316 718.77
2317 719.09
2318 719.09
2319 719.09
2320 718.45
2321 718.45
2322 718.12
2323 716.50
2324 715.21
2325 715.21
2326 711.97
2327 711.97
2328 709.39
2329 708.41
2330 705.83
2331 705.18
2332 702.91
2333 701.94
2334 701.29
2335 700.32
2336 699.68
2337 699.35
2338 699.35
2339 699.03
2340 699.35
2341 699.35
2342 700.65
2343 700.32
2344 701.29
2345 701.94
2346 702.27
2347 702.27
2348 702.91
2349 704.85
2350 705.50
2351 705.50
2352 706.80
2353 707.77
2354 707.12
2355 708.09
2356 707.12
2357 706.15
2358 705.83
2359 705.18
2360 703.24
2361 702.59
2362 701.94
2363 700.32
2364 699.68
2365 699.03
2366 698.71
2367 698.06
2368 697.09
2369 695.79
2370 695.79
2371 695.15
2372 693.53
2373 692.88
2374 692.56
2375 692.23
2376 691.91
2377 691.26
2378 690.94
2379 691.59
2380 690.94
2381 691.91
2382 691.91
2383 692.23
2384 692.23
2385 692.56
2386 692.56
2387 692.56
2388 692.56
2389 692.56
2390 692.56
2391 692.56
2392 692.56
2393 692.56
2394 692.56
2395 692.56
2396 692.23
2397 691.91
2398 691.59
2399 690.94
2400 689.32
2401 689.00
2402 686.08
2403 685.44
2404 682.85
2405 682.85
2406 681.23
2407 679.61
2408 679.61
2409 678.96
2410 677.35
2411 676.70
2412 676.38
2413 676.38
2414 676.38
2415 676.05
2416 676.05
2417 676.05
2418 676.05
2419 676.38
2420 676.38
2421 676.70
2422 677.99
2423 678.32
2424 678.96
2425 679.29
2426 679.61
2427 679.61
2428 679.61
2429 679.94
2430 680.58
2431 681.88
2432 682.52
2433 682.85
2434 683.17
2435 684.14
2436 685.44
2437 685.76
2438 686.08
2439 685.76
2440 685.76
2441 684.79
2442 684.79
2443 683.17
2444 682.85
2445 682.20
2446 679.94
2447 679.61
2448 677.99
2449 677.02
2450 677.02
2451 676.70
2452 676.70
2453 677.99
2454 677.35
2455 678.32
2456 678.96
2457 678.96
2458 678.96
2459 678.64
2460 677.99
2461 676.70
2462 676.70
2463 676.38
2464 675.73
2465 673.46
2466 673.14
2467 671.52
2468 669.90
2469 669.26
2470 666.99
2471 666.67
2472 665.37
2473 663.75
2474 663.43
2475 663.43
2476 662.78
2477 661.81
2478 660.84
2479 660.19
2480 659.87
2481 658.25
2482 656.63
2483 654.69
2484 653.40
2485 651.46
2486 650.49
2487 649.84
2488 648.22
2489 647.25
2490 647.25
2491 645.63
2492 644.01
2493 643.69
2494 641.10
2495 640.78
2496 639.48
2497 637.86
2498 637.54
2499 636.57
2500 634.63
2501 634.30
2502 633.01
2503 631.72
2504 631.07
2505 630.42
2506 628.80
2507 628.16
2508 627.83
2509 627.83
2510 627.51
2511 627.83
2512 627.51
2513 627.83
2514 627.83
2515 627.83
2516 628.16
2517 629.45
2518 630.42
2519 631.07
2520 631.39
2521 632.69
2522 633.33
2523 633.66
2524 633.98
2525 633.98
2526 633.66
2527 633.33
2528 632.36
2529 632.36
2530 631.72
2531 631.72
2532 631.39
2533 631.39
2534 631.07
2535 631.07
2536 631.07
2537 631.07
2538 630.74
2539 630.74
2540 629.77
2541 630.10
2542 630.10
2543 630.42
2544 630.74
2545 631.07
2546 631.72
2547 633.66
2548 635.28
2549 637.54
2550 638.19
2551 640.45
2552 640.78
2553 640.78
2554 641.10
2555 642.07
2556 643.04
2557 642.39
2558 643.04
2559 642.39
2560 643.04
2561 642.07
2562 641.42
2563 641.42
2564 640.78
2565 640.78
2566 639.48
2567 638.19
2568 637.86
2569 636.89
2570 635.28
2571 634.30
2572 634.30
2573 633.98
2574 633.33
2575 632.04
2576 631.39
2577 631.39
2578 631.07
2579 630.74
2580 629.45
2581 628.48
2582 627.83
2583 627.18
2584 625.24
2585 624.60
2586 624.27
2587 623.95
2588 623.30
2589 622.01
2590 621.68
2591 621.36
2592 621.36
2593 621.36
2594 621.04
2595 620.71
2596 620.39
2597 619.74
2598 618.77
2599 618.45
2600 618.12
2601 618.12
2602 617.80
2603 617.48
2604 616.83
2605 617.15
2606 616.83
2607 617.15
2608 616.83
2609 616.50
2610 615.86
2611 616.18
2612 615.21
2613 615.21
2614 614.89
2615 614.89
2616 614.56
2617 614.56
2618 614.56
2619 614.56
2620 614.56
2621 614.89
2622 614.89
2623 614.89
2624 615.21
2625 616.18
2626 617.15
2627 617.48
2628 618.12
2629 618.12
2630 618.77
2631 619.09
2632 620.06
2633 620.71
2634 621.04
2635 621.04
2636 621.04
2637 621.04
2638 620.71
2639 619.74
2640 618.12
2641 618.12
2642 617.48
2643 615.21
2644 614.56
2645 611.97
2646 611.65
2647 610.68
2648 609.39
2649 608.41
2650 608.41
2651 608.09
2652 607.44
2653 606.47
2654 606.15
2655 605.83
2656 605.50
2657 605.50
2658 605.50
2659 605.18
2660 605.50
2661 605.50
2662 605.50
2663 606.15
2664 605.83
2665 606.47
2666 605.83
2667 605.83
2668 605.18
2669 605.18
2670 604.85
2671 601.94
2672 601.94
2673 600.65
2674 598.71
2675 595.79
2676 595.47
2677 592.56
2678 591.59
2679 589.32
2680 588.67
2681 588.03
2682 587.38
2683 586.41
2684 587.38
2685 586.73
2686 588.35
2687 589.00
2688 589.00
2689 590.29
2690 592.23
2691 592.56
2692 595.15
2693 595.47
2694 596.12
2695 598.06
2696 598.38
2697 598.71
2698 598.71
2699 598.71
2700 598.71
2701 599.35
2702 599.35
2703 600.32
2704 600.97
2705 600.65
2706 601.29
2707 601.62
2708 601.94
2709 601.94
2710 601.94
2711 602.27
2712 602.91
2713 603.24
2714 604.53
2715 605.18
2716 605.18
2717 606.80
2718 608.41
2719 609.06
2720 611.65
2721 611.65
2722 613.27
2723 614.89
2724 615.21
2725 615.86
2726 617.80
2727 618.45
2728 620.71
2729 621.36
2730 624.60
2731 625.24
2732 627.83
2733 627.83
2734 628.16
2735 628.80
2736 629.45
2737 630.10
2738 629.45
2739 630.10
2740 630.10
2741 629.77
2742 630.10
2743 629.77
2744 630.10
2745 629.77
2746 630.10
2747 629.13
2748 629.13
2749 628.16
2750 627.83
2751 627.51
2752 626.21
2753 625.24
2754 624.60
2755 623.95
2756 622.33
2757 621.68
2758 621.04
2759 619.42
2760 618.45
2761 618.12
2762 617.48
2763 615.86
2764 615.21
2765 614.56
2766 612.62
2767 611.65
2768 611.65
2769 610.03
2770 608.41
2771 608.41
2772 607.44
2773 605.83
2774 605.18
2775 604.85
2776 603.56
2777 601.94
2778 601.94
2779 600.65
2780 599.03
2781 598.38
2782 596.44
2783 595.79
2784 595.47
2785 594.82
2786 593.53
2787 592.56
2788 592.23
2789 591.91
2790 590.61
2791 589.64
2792 589.32
2793 589.00
2794 588.67
2795 587.38
2796 586.08
2797 586.08
2798 585.76
2799 585.11
2800 584.14
2801 582.52
2802 582.52
2803 581.88
2804 580.58
2805 579.29
2806 579.29
2807 579.29
2808 579.29
2809 579.29
2810 579.61
2811 580.58
2812 581.88
2813 582.20
2814 582.52
2815 582.85
2816 584.14
2817 585.44
2818 585.76
2819 586.08
2820 586.08
2821 587.38
2822 588.03
2823 588.67
2824 589.00
2825 589.00
2826 588.67
2827 588.35
2828 587.38
2829 585.76
2830 583.82
2831 582.52
2832 582.20
2833 581.23
2834 581.55
2835 580.91
2836 580.26
2837 580.91
2838 581.23
2839 580.58
2840 580.58
2841 579.94
2842 579.61
2843 579.29
2844 579.29
2845 579.29
2846 579.29
2847 579.29
2848 579.61
2849 580.91
2850 582.20
2851 582.52
2852 583.50
2853 585.11
2854 585.76
2855 586.08
2856 586.73
2857 586.73
2858 587.06
2859 587.06
2860 586.73
2861 587.06
2862 586.41
2863 586.41
2864 586.08
2865 586.08
2866 585.76
2867 585.76
2868 585.76
2869 585.76
2870 585.76
2871 585.76
2872 585.76
2873 586.08
2874 586.41
2875 587.70
2876 589.00
2877 590.94
2878 593.20
2879 595.47
2880 598.71
2881 598.71
2882 599.68
2883 599.35
2884 599.03
2885 598.71
2886 598.06
2887 595.79
2888 595.47
2889 595.15
2890 594.50
2891 594.17
2892 594.82
2893 594.82
2894 595.15
2895 595.47
2896 595.47
2897 596.12
2898 596.12
2899 596.76
2900 596.12
2901 595.79
2902 595.47
2903 595.47
2904 595.15
2905 595.15
2906 594.17
2907 594.50
2908 593.85
2909 592.88
2910 592.88
2911 592.56
2912 592.56
2913 592.23
2914 592.23
2915 591.91
2916 591.59
2917 590.94
2918 590.94
2919 589.64
2920 589.32
2921 589.00
2922 589.00
2923 588.35
2924 586.73
2925 585.44
2926 583.17
2927 581.55
2928 579.29
2929 578.96
2930 577.99
2931 577.02
2932 577.35
2933 577.02
2934 577.99
2935 579.29
2936 579.61
2937 582.52
2938 584.47
2939 585.76
2940 585.76
2941 587.06
2942 588.03
2943 587.70
2944 588.03
2945 588.35
2946 587.38
2947 588.03
2948 587.38
2949 586.73
2950 587.06
2951 587.06
2952 586.73
2953 587.38
2954 586.73
2955 587.38
2956 588.03
2957 588.03
2958 588.03
2959 588.03
2960 587.38
2961 586.73
2962 586.41
2963 585.76
2964 585.76
2965 584.47
2966 582.85
2967 582.52
2968 581.88
2969 579.94
2970 579.29
2971 579.29
2972 578.96
2973 579.29
2974 579.29
2975 579.61
2976 581.23
2977 582.52
2978 582.52
2979 582.85
2980 582.85
2981 583.82
2982 583.50
2983 583.17
2984 582.52
2985 582.52
2986 582.20
2987 581.55
2988 579.61
2989 578.96
2990 577.35
2991 576.05
2992 576.05
2993 575.08
2994 575.08
2995 573.46
2996 572.82
2997 572.82
2998 572.82
2999 572.82
