2000 212.94
2001 213.59
2002 213.59
2003 215.21
2004 216.83
2005 216.83
2006 217.80
2007 219.74
2008 220.39
2009 222.33
2010 223.30
2011 223.62
2012 226.21
2013 227.18
2014 229.45
2015 232.36
2016 233.01
2017 236.25
2018 239.16
2019 239.48
2020 242.72
2021 242.72
2022 245.63
2023 248.22
2024 249.19
2025 252.10
2026 253.07
2027 255.66
2028 257.93
2029 259.55
2030 261.81
2031 263.75
2032 266.02
2033 268.28
2034 271.84
2035 274.11
2036 275.40
2037 277.67
2038 279.61
2039 281.55
2040 286.73
2041 291.59
2042 294.17
2043 297.73
2044 300.32
2045 302.59
2046 305.18
2047 309.39
2048 311.33
2049 313.59
2050 318.45
2051 320.39
2052 325.24
2053 331.07
2054 335.60
2055 340.45
2056 345.63
2057 347.90
2058 350.16
2059 354.37
2060 356.96
2061 357.28
2062 373.46
2063 378.32
2064 382.85
2065 384.79
2066 390.29
2067 396.12
2068 400.65
2069 408.09
2070 417.15
2071 422.65
2072 427.18
2073 432.36
2074 437.86
2075 442.39
2076 447.90
2077 450.16
2078 457.93
2079 463.75
2080 471.20
2081 477.02
2082 481.23
2083 486.73
2084 492.56
2085 500.00
2086 502.59
2087 507.12
2088 512.62
2089 517.15
2090 522.65
2091 528.16
2092 532.69
2093 538.19
2094 542.72
2095 548.54
2096 553.72
2097 558.58
2098 563.75
2099 568.28
2100 570.87
2101 577.99
2102 583.82
2103 588.67
2104 593.85
2105 596.44
2106 603.88
2107 606.15
2108 611.00
2109 616.18
2110 621.04
2111 626.21
2112 631.72
2113 636.25
2114 641.75
2115 646.28
2116 648.87
2117 653.72
2118 658.58
2119 661.17
2120 665.70
2121 667.96
2122 673.14
2123 677.99
2124 682.85
2125 684.79
2126 687.38
2127 691.59
2128 695.79
2129 698.38
2130 700.65
2131 702.91
2132 707.44
2133 712.30
2134 715.21
2135 719.74
2136 722.01
2137 726.54
2138 728.80
2139 731.39
2140 735.60
2141 737.86
2142 742.07
2143 744.66
2144 747.57
2145 750.81
2146 753.07
2147 754.37
2148 756.96
2149 758.90
2150 760.52
2151 762.46
2152 764.08
2153 766.67
2154 768.28
2155 770.23
2156 773.46
2157 774.11
2158 776.70
2159 779.94
2160 779.94
2161 783.17
2162 783.17
2163 785.76
2164 786.41
2165 788.35
2166 789.64
2167 791.91
2168 792.88
2169 795.15
2170 795.79
2171 796.76
2172 799.35
2173 800.65
2174 802.59
2175 804.21
2176 806.15
2177 808.74
2178 809.71
2179 811.97
2180 812.94
2181 815.21
2182 816.50
2183 818.77
2184 819.09
2185 822.01
2186 822.01
2187 824.60
2188 825.24
2189 825.24
2190 825.57
2191 825.57
2192 826.21
2193 826.54
2194 826.86
2195 827.51
2196 827.51
2197 828.48
2198 828.48
2199 828.80
2200 829.45
2201 830.10
2202 831.39
2203 831.39
2204 831.39
2205 831.39
2206 831.39
2207 831.39
2208 830.74
2209 831.39
2210 830.42
2211 830.74
2212 830.42
2213 830.10
2214 829.13
2215 828.80
2216 828.48
2217 828.48
2218 828.16
2219 827.83
2220 826.86
2221 825.89
2222 825.57
2223 825.24
2224 825.24
2225 824.92
2226 824.27
2227 822.65
2228 822.01
2229 822.01
2230 821.68
2231 821.36
2232 820.71
2233 819.74
2234 820.06
2235 819.09
2236 819.09
2237 818.77
2238 818.77
2239 818.45
2240 818.77
2241 818.12
2242 818.12
2243 817.48
2244 817.80
2245 817.48
2246 817.15
2247 816.18
2248 815.86
2249 815.53
2250 815.21
2251 814.24
2252 812.62
2253 812.30
2254 812.30
2255 811.00
2256 810.03
2257 809.39
2258 809.06
2259 807.12
2260 806.15
2261 805.83
2262 804.21
2263 802.91
2264 802.59
2265 802.27
2266 800.32
2267 799.68
2268 799.35
2269 797.73
2270 796.12
2271 794.17
2272 792.56
2273 789.97
2274 789.32
2275 788.67
2276 786.73
2277 786.41
2278 785.76
2279 784.79
2280 783.50
2281 782.20
2282 779.94
2283 777.99
2284 775.40
2285 773.46
2286 772.82
2287 770.87
2288 770.55
2289 770.23
2290 770.23
2291 769.90
2292 769.58
2293 768.61
2294 766.99
2295 766.67
2296 766.02
2297 763.75
2298 762.78
2299 761.17
2300 760.52
2301 760.52
2302 760.19
2303 760.52
2304 760.52
2305 760.84
2306 761.49
2307 762.46
2308 763.75
2309 763.75
2310 764.40
2311 765.05
2312 766.34
2313 766.99
2314 766.99
2315 767.64
2316 769.90
2317 771.20
2318 773.46
2319 777.02
2320 779.61
2321 782.85
2322 786.41
2323 788.35
2324 789.97
2325 791.59
2326 792.88
2327 792.88
2328 793.20
2329 793.85
2330 795.15
2331 795.79
2332 796.12
2333 796.12
2334 796.12
2335 796.44
2336 796.44
2337 796.76
2338 796.44
2339 796.12
2340 796.12
2341 796.12
2342 796.12
2343 796.12
2344 796.12
2345 796.12
2346 796.12
2347 796.12
2348 796.12
2349 796.12
2350 795.79
2351 795.15
2352 794.50
2353 792.88
2354 791.26
2355 789.64
2356 788.03
2357 786.73
2358 786.41
2359 786.08
2360 786.08
2361 784.79
2362 784.14
2363 783.82
2364 783.17
2365 783.17
2366 781.88
2367 780.26
2368 779.94
2369 776.70
2370 774.43
2371 769.90
2372 767.64
2373 766.02
2374 763.75
2375 761.81
2376 760.52
2377 758.58
2378 757.28
2379 757.28
2380 754.37
2381 754.05
2382 753.72
2383 751.13
2384 750.81
2385 750.16
2386 748.22
2387 747.57
2388 747.57
2389 747.57
2390 747.25
2391 747.25
2392 747.25
2393 747.57
2394 747.57
2395 748.22
2396 749.84
2397 750.81
2398 750.81
2399 752.43
2400 753.72
2401 754.05
2402 754.05
2403 754.37
2404 754.37
2405 754.05
2406 754.05
2407 753.72
2408 752.10
2409 750.81
2410 750.16
2411 747.57
2412 747.57
2413 744.66
2414 744.01
2415 742.39
2416 741.10
2417 741.10
2418 740.78
2419 740.13
2420 739.48
2421 738.83
2422 738.51
2423 738.19
2424 738.51
2425 738.51
2426 738.51
2427 739.48
2428 741.10
2429 741.10
2430 741.75
2431 743.04
2432 743.04
2433 744.01
2434 744.01
2435 743.69
2436 743.69
2437 743.04
2438 741.42
2439 741.10
2440 740.45
2441 738.19
2442 737.54
2443 734.95
2444 733.66
2445 731.39
2446 728.48
2447 727.18
2448 724.92
2449 720.71
2450 718.45
2451 715.86
2452 715.21
2453 714.89
2454 714.24
2455 712.30
2456 711.97
2457 711.97
2458 710.68
2459 709.71
2460 709.06
2461 708.74
2462 708.74
2463 708.74
2464 708.74
2465 708.74
2466 708.74
2467 708.74
2468 708.74
2469 709.39
2470 709.39
2471 709.39
2472 709.06
2473 708.74
2474 708.74
2475 707.77
2476 705.83
2477 702.27
2478 699.68
2479 698.38
2480 696.12
2481 695.79
2482 695.47
2483 695.47
2484 695.15
2485 695.15
2486 695.47
2487 695.79
2488 695.79
2489 696.12
2490 696.12
2491 697.09
2492 696.76
2493 697.41
2494 698.06
2495 697.73
2496 697.73
2497 698.06
2498 697.73
2499 698.71
2500 699.03
2501 699.03
2502 699.68
2503 700.32
2504 701.62
2505 702.27
2506 702.59
2507 704.85
2508 705.50
2509 707.44
2510 708.74
2511 711.33
2512 712.30
2513 712.94
2514 713.92
2515 714.56
2516 714.56
2517 713.92
2518 712.30
2519 711.97
2520 711.00
2521 709.06
2522 708.74
2523 708.74
2524 708.41
2525 708.74
2526 708.74
2527 709.06
2528 710.68
2529 711.33
2530 711.97
2531 711.97
2532 712.30
2533 713.27
2534 712.94
2535 713.92
2536 713.92
2537 714.56
2538 714.56
2539 715.21
2540 715.21
2541 715.53
2542 716.18
2543 717.80
2544 718.45
2545 718.77
2546 720.71
2547 721.68
2548 722.65
2549 724.27
2550 724.92
2551 725.24
2552 727.83
2553 728.16
2554 728.48
2555 728.48
2556 728.48
2557 728.48
2558 728.16
2559 727.51
2560 724.92
2561 724.27
2562 721.68
2563 719.74
2564 718.45
2565 718.12
2566 716.83
2567 716.18
2568 715.86
2569 715.86
2570 715.86
2571 716.83
2572 717.48
2573 718.12
2574 718.45
2575 718.45
2576 719.09
2577 719.09
2578 720.06
2579 720.71
2580 721.04
2581 721.04
2582 721.36
2583 721.36
2584 721.36
2585 721.36
2586 721.36
2587 721.04
2588 720.71
2589 719.42
2590 718.77
2591 718.45
2592 718.45
2593 717.80
2594 716.50
2595 715.86
2596 715.21
2597 715.21
2598 714.89
2599 714.89
2600 714.24
2601 713.27
2602 712.62
2603 712.30
2604 711.97
2605 711.97
2606 711.97
2607 711.97
2608 711.97
2609 711.97
2610 711.97
2611 712.30
2612 712.94
2613 714.89
2614 715.53
2615 717.48
2616 718.45
2617 720.71
2618 721.68
2619 722.65
2620 724.92
2621 725.57
2622 727.18
2623 727.51
2624 727.83
2625 727.51
2626 727.18
2627 725.89
2628 724.92
2629 724.92
2630 722.98
2631 721.68
2632 720.39
2633 718.77
2634 718.45
2635 717.15
2636 715.53
2637 714.89
2638 712.30
2639 711.97
2640 711.33
2641 709.71
2642 708.74
2643 708.74
2644 706.80
2645 705.50
2646 705.18
2647 702.27
2648 702.27
2649 700.65
2650 699.03
2651 697.41
2652 695.79
2653 695.79
2654 695.15
2655 693.85
2656 693.20
2657 692.56
2658 692.56
2659 692.56
2660 692.23
2661 692.23
2662 692.56
2663 692.23
2664 691.91
2665 690.94
2666 689.97
2667 689.64
2668 689.32
2669 686.73
2670 684.79
2671 682.85
2672 680.91
2673 679.61
2674 679.61
2675 678.96
2676 678.64
2677 677.99
2678 677.02
2679 677.02
2680 676.38
2681 676.38
2682 675.73
2683 673.79
2684 673.14
2685 672.49
2686 670.87
2687 669.90
2688 669.90
2689 669.58
2690 669.58
2691 669.58
2692 669.90
2693 669.90
2694 669.90
2695 669.90
2696 669.90
2697 669.90
2698 670.23
2699 669.90
2700 670.23
2701 670.55
2702 670.87
2703 671.52
2704 672.82
2705 673.14
2706 673.14
2707 673.46
2708 674.43
2709 675.73
2710 676.05
2711 676.05
2712 676.05
2713 675.73
2714 675.40
2715 674.76
2716 674.11
2717 673.79
2718 673.46
2719 673.46
2720 673.46
2721 673.14
2722 673.46
2723 673.46
2724 674.43
2725 674.11
2726 675.08
2727 675.73
2728 676.38
2729 676.38
2730 676.70
2731 678.96
2732 680.58
2733 682.85
2734 686.41
2735 688.35
2736 689.32
2737 689.64
2738 690.94
2739 691.91
2740 692.23
2741 692.56
2742 692.56
2743 692.88
2744 693.53
2745 694.50
2746 695.79
2747 695.79
2748 696.12
2749 696.12
2750 696.76
2751 696.12
2752 696.12
2753 695.79
2754 695.47
2755 692.56
2756 692.23
2757 689.32
2758 686.08
2759 683.17
2760 679.61
2761 677.02
2762 674.76
2763 673.14
2764 673.14
2765 673.14
2766 672.82
2767 672.82
2768 673.14
2769 673.14
2770 673.79
2771 674.76
2772 675.73
2773 676.05
2774 676.38
2775 676.38
2776 676.38
2777 676.38
2778 676.05
2779 675.40
2780 673.79
2781 673.14
2782 670.87
2783 669.90
2784 669.58
2785 669.26
2786 668.61
2787 667.64
2788 668.28
2789 668.93
2790 669.26
2791 669.26
2792 669.26
2793 669.26
2794 669.26
2795 668.61
2796 669.26
2797 668.61
2798 669.26
2799 669.26
2800 669.26
2801 669.58
2802 669.58
2803 669.90
2804 669.90
2805 669.90
2806 669.90
2807 670.55
2808 670.55
2809 671.20
2810 670.87
2811 671.52
2812 671.84
2813 671.20
2814 671.52
2815 670.23
2816 669.90
2817 669.26
2818 667.64
2819 666.34
2820 664.40
2821 663.43
2822 663.43
2823 661.81
2824 660.84
2825 660.52
2826 660.19
2827 660.19
2828 660.19
2829 660.19
2830 660.19
2831 660.19
2832 660.19
2833 659.87
2834 659.87
2835 658.90
2836 659.22
2837 657.61
2838 656.96
2839 656.96
2840 656.63
2841 656.63
2842 655.34
2843 654.69
2844 654.69
2845 654.05
2846 653.72
2847 653.40
2848 652.75
2849 650.81
2850 649.84
2851 647.25
2852 646.60
2853 644.66
2854 644.01
2855 644.01
2856 643.69
2857 643.37
2858 642.72
2859 643.04
2860 643.37
2861 643.69
2862 644.01
2863 644.01
2864 644.01
2865 644.34
2866 645.31
2867 646.60
2868 647.25
2869 647.57
2870 649.19
2871 650.81
2872 652.75
2873 653.72
2874 654.05
2875 655.34
2876 656.31
2877 656.63
2878 655.99
2879 655.99
2880 655.34
2881 654.05
2882 653.72
2883 653.07
2884 651.78
2885 650.81
2886 650.49
2887 650.16
2888 650.16
2889 649.19
2890 649.51
2891 649.19
2892 649.19
2893 649.84
2894 650.16
2895 650.49
2896 650.49
2897 651.13
2898 652.75
2899 653.72
2900 653.72
2901 656.63
2902 657.61
2903 660.19
2904 663.43
2905 663.43
2906 666.67
2907 668.93
2908 669.90
2909 670.55
2910 672.17
2911 673.14
2912 673.14
2913 673.46
2914 673.46
2915 673.46
2916 673.14
2917 673.14
2918 672.82
2919 670.87
2920 669.90
2921 669.58
2922 667.96
2923 666.67
2924 666.67
2925 666.02
2926 664.72
2927 665.05
2928 663.75
2929 664.08
2930 663.43
2931 663.75
2932 663.43
2933 663.43
2934 663.43
2935 663.43
2936 663.43
2937 663.43
2938 663.43
2939 662.78
2940 662.46
2941 661.81
2942 660.84
2943 660.52
2944 660.19
2945 660.19
2946 658.58
2947 657.28
2948 656.96
2949 655.99
2950 654.05
2951 652.75
2952 651.13
2953 650.49
2954 650.16
2955 648.87
2956 647.25
2957 647.25
2958 645.95
2959 644.34
2960 643.04
2961 640.78
2962 640.45
2963 638.51
2964 638.19
2965 638.19
2966 638.19
2967 639.16
2968 639.81
2969 640.13
2970 640.13
2971 640.13
2972 640.45
2973 640.13
2974 639.16
2975 637.54
2976 637.54
2977 636.89
2978 635.28
2979 634.63
2980 634.30
2981 634.30
2982 634.30
2983 634.30
2984 634.30
2985 634.30
2986 634.63
2987 634.63
2988 634.63
2989 634.30
2990 634.30
2991 634.30
2992 634.30
2993 633.98
2994 633.98
2995 633.66
2996 633.66
2997 633.33
2998 632.69
2999 632.04