2000 212.94
2001 213.59
2002 213.59
2003 215.21
2004 216.83
2005 216.83
2006 217.80
2007 219.74
2008 220.39
2009 222.33
2010 223.30
2011 223.62
2012 225.89
2013 226.86
2014 228.80
2015 230.74
2016 232.69
2017 234.63
2018 236.25
2019 238.19
2020 239.48
2021 241.75
2022 243.04
2023 245.31
2024 245.95
2025 248.87
2026 249.19
2027 252.43
2028 252.43
2029 255.66
2030 255.99
2031 258.90
2032 262.14
2033 263.75
2034 265.70
2035 268.28
2036 269.26
2037 271.84
2038 275.08
2039 278.32
2040 279.61
2041 281.88
2042 284.47
2043 285.44
2044 288.03
2045 290.94
2046 291.91
2047 294.50
2048 297.09
2049 297.73
2050 301.29
2051 304.53
2052 307.12
2053 310.68
2054 313.59
2055 315.21
2056 317.48
2057 319.42
2058 321.04
2059 325.24
2060 326.86
2061 329.77
2062 330.10
2063 333.01
2064 334.95
2065 336.89
2066 337.86
2067 339.81
2068 339.81
2069 342.72
2070 343.04
2071 344.66
2072 346.28
2073 346.28
2074 349.19
2075 349.51
2076 350.81
2077 352.75
2078 353.07
2079 355.66
2080 355.99
2081 356.96
2082 358.58
2083 359.22
2084 359.55
2085 360.84
2086 362.46
2087 362.46
2088 362.78
2089 363.11
2090 364.08
2091 365.05
2092 365.37
2093 365.70
2094 365.70
2095 366.34
2096 367.96
2097 368.28
2098 368.93
2099 368.93
2100 369.58
2101 371.20
2102 371.52
2103 372.17
2104 372.17
2105 372.82
2106 374.11
2107 375.08
2108 375.40
2109 375.73
2110 377.67
2111 378.32
2112 378.64
2113 379.29
2114 379.94
2115 381.23
2116 381.55
2117 381.88
2118 381.88
2119 381.88
2120 381.88
2121 381.88
2122 381.88
2123 382.20
2124 381.88
2125 382.20
2126 382.52
2127 382.52
2128 383.50
2129 384.47
2130 384.79
2131 385.11
2132 385.11
2133 385.76
2134 387.38
2135 388.03
2136 388.35
2137 388.67
2138 389.32
2139 390.94
2140 391.59
2141 391.59
2142 393.20
2143 394.50
2144 394.82
2145 395.47
2146 397.41
2147 398.06
2148 398.71
2149 400.00
2150 401.29
2151 402.91
2152 404.53
2153 404.53
2154 405.83
2155 407.12
2156 407.77
2157 407.77
2158 408.41
2159 409.06
2160 410.36
2161 411.00
2162 411.00
2163 411.33
2164 411.97
2165 412.94
2166 414.24
2167 414.24
2168 414.89
2169 416.50
2170 417.15
2171 417.48
2172 418.77
2173 419.74
2174 420.39
2175 420.71
2176 421.04
2177 422.33
2178 422.98
2179 423.30
2180 423.95
2181 423.95
2182 424.27
2183 424.27
2184 425.24
2185 425.89
2186 426.54
2187 427.18
2188 427.18
2189 427.51
2190 427.51
2191 428.48
2192 428.48
2193 429.13
2194 428.80
2195 429.45
2196 428.80
2197 429.45
2198 428.80
2199 429.13
2200 428.16
2201 428.48
2202 427.51
2203 427.51
2204 427.18
2205 427.18
2206 426.86
2207 427.18
2208 426.54
2209 426.54
2210 425.57
2211 426.21
2212 425.24
2213 425.57
2214 424.92
2215 425.57
2216 424.92
2217 425.24
2218 424.60
2219 424.92
2220 425.24
2221 424.60
2222 425.24
2223 424.27
2224 424.60
2225 424.60
2226 424.60
2227 424.60
2228 424.27
2229 425.24
2230 424.60
2231 425.24
2232 425.24
2233 425.24
2234 425.57
2235 426.21
2236 425.89
2237 426.54
2238 426.54
2239 426.54
2240 426.54
2241 426.54
2242 426.54
2243 425.89
2244 426.21
2245 425.24
2246 425.24
2247 424.60
2248 424.27
2249 423.95
2250 423.95
2251 423.95
2252 423.62
2253 423.30
2254 423.30
2255 422.65
2256 422.98
2257 422.33
2258 422.01
2259 421.68
2260 422.01
2261 421.04
2262 421.04
2263 420.71
2264 420.71
2265 420.71
2266 420.71
2267 420.39
2268 420.39
2269 420.39
2270 420.39
2271 420.39
2272 420.39
2273 420.71
2274 420.39
2275 420.71
2276 420.39
2277 420.06
2278 419.74
2279 419.42
2280 418.45
2281 418.12
2282 417.48
2283 417.48
2284 416.83
2285 416.18
2286 414.89
2287 414.56
2288 414.24
2289 414.24
2290 413.92
2291 413.92
2292 413.92
2293 413.92
2294 413.92
2295 413.92
2296 414.24
2297 414.24
2298 414.24
2299 414.24
2300 414.56
2301 414.56
2302 415.53
2303 415.21
2304 415.53
2305 416.18
2306 416.83
2307 416.18
2308 417.15
2309 417.15
2310 417.48
2311 417.15
2312 417.15
2313 417.48
2314 417.15
2315 417.15
2316 416.83
2317 416.83
2318 416.50
2319 416.18
2320 416.50
2321 415.86
2322 415.21
2323 415.86
2324 415.53
2325 415.53
2326 415.86
2327 416.50
2328 415.86
2329 416.83
2330 416.83
2331 416.83
2332 417.15
2333 417.15
2334 417.15
2335 417.15
2336 417.48
2337 417.48
2338 417.48
2339 417.48
2340 417.48
2341 417.48
2342 417.48
2343 417.48
2344 417.48
2345 417.48
2346 417.48
2347 417.48
2348 417.48
2349 417.15
2350 416.83
2351 416.83
2352 416.18
2353 416.50
2354 415.86
2355 416.50
2356 415.86
2357 415.53
2358 415.21
2359 415.86
2360 415.21
2361 415.86
2362 415.53
2363 416.18
2364 416.18
2365 416.50
2366 416.18
2367 417.15
2368 416.83
2369 417.15
2370 417.15
2371 417.15
2372 417.15
2373 417.15
2374 417.15
2375 416.83
2376 416.83
2377 416.50
2378 415.86
2379 415.21
2380 415.86
2381 414.89
2382 414.89
2383 414.56
2384 414.56
2385 414.56
2386 414.24
2387 414.24
2388 414.24
2389 414.24
2390 413.92
2391 413.92
2392 413.92
2393 413.92
2394 413.92
2395 414.24
2396 413.92
2397 414.24
2398 414.24
2399 414.56
2400 414.56
2401 415.53
2402 415.21
2403 416.18
2404 416.18
2405 416.50
2406 416.18
2407 417.15
2408 416.83
2409 417.15
2410 417.15
2411 417.15
2412 417.48
2413 417.15
2414 417.48
2415 417.15
2416 417.15
2417 417.15
2418 416.18
2419 416.50
2420 415.86
2421 415.21
2422 415.53
2423 414.56
2424 414.56
2425 414.56
2426 414.24
2427 414.24
2428 414.24
2429 414.24
2430 414.24
2431 414.24
2432 414.24
2433 414.24
2434 414.24
2435 414.24
2436 414.56
2437 414.89
2438 414.89
2439 415.86
2440 415.21
2441 415.86
2442 416.18
2443 416.18
2444 415.86
2445 415.21
2446 415.86
2447 415.21
2448 415.53
2449 414.89
2450 414.56
2451 414.56
2452 414.24
2453 414.56
2454 414.24
2455 414.24
2456 414.24
2457 414.24
2458 414.24
2459 414.24
2460 413.92
2461 413.92
2462 413.92
2463 413.59
2464 413.59
2465 413.59
2466 413.92
2467 413.59
2468 414.24
2469 413.92
2470 414.24
2471 414.24
2472 414.24
2473 414.56
2474 414.56
2475 414.89
2476 415.21
2477 415.53
2478 415.21
2479 415.86
2480 416.50
2481 416.18
2482 416.50
2483 416.50
2484 416.18
2485 416.50
2486 416.18
2487 416.50
2488 416.18
2489 416.50
2490 416.50
2491 415.86
2492 416.50
2493 415.86
2494 416.50
2495 416.18
2496 416.18
2497 416.50
2498 415.86
2499 415.21
2500 415.86
2501 415.21
2502 415.21
2503 414.89
2504 414.56
2505 414.56
2506 414.24
2507 414.24
2508 414.24
2509 413.92
2510 413.27
2511 413.27
2512 412.62
2513 411.97
2514 412.30
2515 411.65
2516 411.65
2517 411.33
2518 411.33
2519 411.33
2520 411.00
2521 411.00
2522 411.00
2523 411.00
2524 410.68
2525 410.68
2526 410.68
2527 410.68
2528 410.68
2529 410.68
2530 410.68
2531 410.68
2532 410.68
2533 410.68
2534 410.68
2535 410.68
2536 410.36
2537 410.36
2538 409.39
2539 410.03
2540 409.39
2541 408.74
2542 408.74
2543 409.06
2544 408.41
2545 409.06
2546 408.41
2547 408.41
2548 408.41
2549 408.41
2550 408.41
2551 408.09
2552 408.09
2553 407.77
2554 408.09
2555 407.77
2556 407.77
2557 407.77
2558 407.77
2559 407.44
2560 407.12
2561 406.47
2562 406.47
2563 405.50
2564 405.83
2565 404.85
2566 404.85
2567 404.53
2568 404.53
2569 404.53
2570 404.53
2571 404.21
2572 404.21
2573 402.91
2574 403.24
2575 401.94
2576 401.62
2577 401.29
2578 401.29
2579 400.97
2580 400.65
2581 400.32
2582 400.32
2583 399.68
2584 400.32
2585 399.68
2586 399.03
2587 399.35
2588 399.35
2589 399.03
2590 399.35
2591 398.71
2592 398.71
2593 398.06
2594 398.38
2595 398.06
2596 398.06
2597 397.73
2598 397.73
2599 396.76
2600 397.09
2601 396.76
2602 396.44
2603 395.79
2604 396.44
2605 395.79
2606 396.44
2607 395.79
2608 396.12
2609 396.44
2610 397.41
2611 397.73
2612 398.06
2613 398.06
2614 398.38
2615 398.38
2616 399.35
2617 399.03
2618 399.68
2619 400.32
2620 400.00
2621 400.00
2622 400.32
2623 399.68
2624 400.32
2625 399.68
2626 400.32
2627 400.00
2628 400.00
2629 399.03
2630 399.68
2631 398.71
2632 398.71
2633 398.38
2634 398.38
2635 398.06
2636 398.06
2637 398.06
2638 398.06
2639 397.73
2640 397.73
2641 397.73
2642 397.41
2643 397.73
2644 397.09
2645 397.41
2646 396.76
2647 397.09
2648 396.12
2649 396.44
2650 395.47
2651 395.47
2652 394.82
2653 395.15
2654 394.82
2655 394.82
2656 394.50
2657 394.50
2658 393.20
2659 392.23
2660 391.91
2661 391.59
2662 391.59
2663 391.26
2664 391.26
2665 390.29
2666 390.29
2667 389.64
2668 389.64
2669 389.00
2670 389.64
2671 389.32
2672 389.97
2673 389.32
2674 389.64
2675 389.97
2676 390.61
2677 389.97
2678 390.94
2679 390.94
2680 390.94
2681 391.26
2682 391.26
2683 391.26
2684 391.26
2685 391.59
2686 391.26
2687 391.26
2688 391.59
2689 391.26
2690 391.26
2691 391.26
2692 391.26
2693 391.26
2694 390.94
2695 390.94
2696 390.29
2697 390.61
2698 389.97
2699 390.61
2700 389.64
2701 389.97
2702 389.32
2703 389.97
2704 389.32
2705 389.97
2706 390.29
2707 390.61
2708 390.29
2709 390.94
2710 390.61
2711 391.26
2712 391.26
2713 391.26
2714 391.26
2715 390.94
2716 391.26
2717 390.29
2718 390.61
2719 389.64
2720 388.67
2721 388.35
2722 388.35
2723 388.35
2724 388.03
2725 387.70
2726 387.38
2727 387.06
2728 387.38
2729 386.73
2730 387.38
2731 386.73
2732 386.41
2733 386.41
2734 386.41
2735 385.76
2736 386.41
2737 385.44
2738 385.44
2739 385.11
2740 385.11
2741 385.11
2742 385.11
2743 385.11
2744 385.11
2745 384.79
2746 385.11
2747 385.11
2748 385.11
2749 385.11
2750 385.44
2751 385.44
2752 386.08
2753 386.41
2754 387.38
2755 386.73
2756 388.03
2757 388.03
2758 388.35
2759 388.03
2760 388.35
2761 388.35
2762 388.35
2763 388.35
2764 388.67
2765 389.00
2766 389.32
2767 389.97
2768 390.94
2769 391.26
2770 391.59
2771 391.59
2772 391.59
2773 391.59
2774 392.23
2775 391.91
2776 392.88
2777 392.23
2778 392.23
2779 391.91
2780 391.91
2781 391.91
2782 391.91
2783 391.91
2784 391.91
2785 391.91
2786 391.91
2787 391.59
2788 391.91
2789 391.59
2790 391.59
2791 391.59
2792 391.59
2793 391.59
2794 391.59
2795 390.94
2796 390.61
2797 389.97
2798 389.00
2799 388.67
2800 388.35
2801 388.35
2802 388.03
2803 387.70
2804 386.73
2805 386.08
2806 385.76
2807 385.44
2808 385.11
2809 385.11
2810 384.79
2811 384.47
2812 384.14
2813 384.14
2814 383.50
2815 382.85
2816 383.17
2817 382.52
2818 382.20
2819 381.88
2820 381.88
2821 381.88
2822 381.88
2823 381.55
2824 381.23
2825 380.91
2826 380.58
2827 380.91
2828 380.26
2829 380.91
2830 380.26
2831 380.91
2832 380.91
2833 380.58
2834 381.23
2835 380.58
2836 381.23
2837 381.23
2838 381.23
2839 381.23
2840 381.23
2841 381.23
2842 380.58
2843 381.23
2844 380.91
2845 381.23
2846 381.23
2847 380.58
2848 381.23
2849 380.58
2850 381.23
2851 381.23
2852 381.23
2853 381.55
2854 381.55
2855 381.55
2856 381.55
2857 381.55
2858 381.55
2859 381.55
2860 381.55
2861 380.91
2862 380.91
2863 380.26
2864 379.61
2865 379.29
2866 378.96
2867 378.96
2868 378.96
2869 378.64
2870 378.64
2871 378.64
2872 378.64
2873 378.64
2874 378.64
2875 378.32
2876 378.32
2877 378.32
2878 378.32
2879 377.99
2880 377.99
2881 378.32
2882 378.32
2883 378.64
2884 378.32
2885 378.64
2886 378.64
2887 378.96
2888 378.96
2889 379.94
2890 379.61
2891 380.58
2892 380.58
2893 381.23
2894 380.58
2895 381.23
2896 380.58
2897 381.23
2898 381.23
2899 380.58
2900 381.23
2901 380.58
2902 380.91
2903 380.26
2904 380.58
2905 379.94
2906 380.26
2907 379.61
2908 380.26
2909 379.61
2910 379.94
2911 379.94
2912 379.94
2913 380.26
2914 380.91
2915 380.26
2916 379.94
2917 379.94
2918 379.94
2919 379.29
2920 379.94
2921 378.96
2922 379.29
2923 379.29
2924 379.29
2925 379.29
2926 379.29
2927 379.94
2928 379.29
2929 379.94
2930 379.61
2931 379.61
2932 379.29
2933 378.96
2934 378.96
2935 378.64
2936 378.64
2937 378.64
2938 378.64
2939 378.32
2940 378.32
2941 378.32
2942 378.64
2943 378.32
2944 378.64
2945 378.64
2946 378.64
2947 378.64
2948 378.64
2949 378.64
2950 378.96
2951 378.96
2952 378.64
2953 378.96
2954 378.96
2955 379.29
2956 379.29
2957 379.29
2958 379.29
2959 379.29
2960 379.94
2961 378.96
2962 379.29
2963 379.29
2964 379.29
2965 379.29
2966 378.96
2967 379.29
2968 378.96
2969 379.29
2970 379.29
2971 379.29
2972 379.94
2973 379.61
2974 380.26
2975 379.61
2976 379.94
2977 379.61
2978 379.29
2979 379.29
2980 378.96
2981 378.96
2982 378.64
2983 378.96
2984 378.96
2985 378.64
2986 378.96
2987 378.64
2988 378.64
2989 378.64
2990 378.64
2991 378.64
2992 378.64
2993 378.32
2994 378.32
2995 378.32
2996 378.32
2997 377.99
2998 377.02
2999 377.67
