2000 212.94
2001 213.59
2002 213.59
2003 215.21
2004 216.83
2005 216.83
2006 217.80
2007 219.74
2008 220.39
2009 222.33
2010 223.30
2011 223.62
2012 225.89
2013 226.86
2014 228.80
2015 230.74
2016 232.69
2017 234.30
2018 236.25
2019 237.86
2020 239.48
2021 240.13
2022 242.07
2023 242.72
2024 244.34
2025 245.95
2026 246.28
2027 248.54
2028 249.19
2029 250.49
2030 251.78
2031 252.10
2032 252.75
2033 254.37
2034 255.34
2035 255.66
2036 256.96
2037 258.58
2038 258.90
2039 259.55
2040 261.81
2041 262.14
2042 262.14
2043 264.72
2044 265.37
2045 265.37
2046 266.34
2047 268.28
2048 268.61
2049 268.61
2050 269.90
2051 270.87
2052 271.20
2053 271.84
2054 271.84
2055 272.49
2056 272.17
2057 273.46
2058 274.11
2059 273.79
2060 274.43
2061 274.43
2062 274.43
2063 274.76
2064 274.76
2065 274.76
2066 274.76
2067 274.76
2068 275.08
2069 275.08
2070 275.08
2071 275.08
2072 275.08
2073 275.08
2074 275.08
2075 275.08
2076 275.08
2077 275.08
2078 275.08
2079 275.08
2080 274.76
2081 274.43
2082 274.43
2083 273.46
2084 272.82
2085 272.49
2086 271.84
2087 271.84
2088 271.84
2089 271.84
2090 270.55
2091 270.87
2092 269.90
2093 268.61
2094 268.61
2095 268.28
2096 268.28
2097 266.99
2098 266.02
2099 265.70
2100 265.37
2101 265.37
2102 263.75
2103 262.46
2104 262.14
2105 262.14
2106 261.49
2107 260.84
2108 259.55
2109 258.90
2110 258.90
2111 257.61
2112 256.63
2113 255.99
2114 255.66
2115 255.66
2116 254.05
2117 252.75
2118 252.43
2119 252.10
2120 251.13
2121 249.84
2122 249.19
2123 249.19
2124 248.54
2125 247.25
2126 245.95
2127 245.95
2128 245.31
2129 244.98
2130 243.69
2131 242.72
2132 242.72
2133 242.39
2134 242.07
2135 241.10
2136 239.81
2137 239.81
2138 239.48
2139 238.83
2140 238.19
2141 236.89
2142 236.25
2143 236.25
2144 234.63
2145 233.98
2146 233.33
2147 233.01
2148 233.01
2149 231.72
2150 230.74
2151 230.10
2152 229.77
2153 229.77
2154 229.13
2155 228.80
2156 227.83
2157 226.54
2158 226.54
2159 226.21
2160 226.21
2161 224.92
2162 223.95
2163 223.62
2164 223.30
2165 223.30
2166 223.30
2167 223.30
2168 223.30
2169 223.30
2170 223.30
2171 223.30
2172 223.30
2173 223.30
2174 223.30
2175 223.30
2176 223.30
2177 223.30
2178 223.30
2179 223.30
2180 223.30
2181 223.30
2182 223.62
2183 223.30
2184 223.62
2185 223.30
2186 223.62
2187 223.62
2188 223.62
2189 224.27
2190 223.95
2191 224.60
2192 224.27
2193 225.24
2194 225.24
2195 226.21
2196 226.21
2197 226.54
2198 226.54
2199 226.54
2200 226.54
2201 226.86
2202 226.86
2203 227.83
2204 227.51
2205 227.83
2206 228.16
2207 228.80
2208 228.16
2209 228.80
2210 228.48
2211 229.13
2212 229.45
2213 229.45
2214 229.77
2215 229.77
2216 229.77
2217 229.77
2218 229.77
2219 229.77
2220 229.77
2221 229.77
2222 229.77
2223 229.77
2224 229.77
2225 229.77
2226 229.77
2227 229.77
2228 229.77
2229 230.10
2230 229.77
2231 230.10
2232 230.10
2233 230.10
2234 230.74
2235 230.42
2236 231.07
2237 230.74
2238 231.07
2239 231.07
2240 230.74
2241 231.39
2242 230.74
2243 231.07
2244 230.42
2245 230.74
2246 231.07
2247 230.42
2248 231.07
2249 230.10
2250 230.42
2251 230.42
2252 230.42
2253 230.42
2254 230.10
2255 230.10
2256 229.77
2257 230.10
2258 229.77
2259 229.77
2260 229.77
2261 229.77
2262 229.77
2263 229.77
2264 229.45
2265 229.45
2266 229.45
2267 229.13
2268 229.13
2269 228.48
2270 228.80
2271 228.16
2272 227.83
2273 227.51
2274 227.83
2275 226.86
2276 227.18
2277 226.54
2278 226.86
2279 226.54
2280 226.54
2281 226.21
2282 226.21
2283 225.89
2284 225.89
2285 225.57
2286 224.92
2287 224.27
2288 224.92
2289 223.95
2290 224.60
2291 223.95
2292 223.95
2293 223.62
2294 223.62
2295 223.62
2296 223.30
2297 223.30
2298 223.30
2299 223.30
2300 223.30
2301 223.30
2302 223.30
2303 223.30
2304 223.30
2305 223.30
2306 223.30
2307 223.30
2308 223.30
2309 223.62
2310 223.62
2311 223.62
2312 223.95
2313 223.62
2314 224.60
2315 223.95
2316 224.60
2317 224.27
2318 224.27
2319 224.60
2320 223.95
2321 224.60
2322 223.95
2323 224.60
2324 224.27
2325 224.27
2326 224.92
2327 224.27
2328 224.92
2329 225.57
2330 225.24
2331 225.24
2332 225.57
2333 224.92
2334 225.57
2335 224.92
2336 225.57
2337 225.24
2338 225.24
2339 224.60
2340 224.92
2341 224.27
2342 224.60
2343 223.95
2344 224.27
2345 223.95
2346 223.95
2347 223.95
2348 223.62
2349 223.95
2350 223.62
2351 223.62
2352 223.95
2353 223.62
2354 224.60
2355 223.95
2356 224.60
2357 224.27
2358 224.27
2359 224.92
2360 225.57
2361 224.92
2362 225.89
2363 225.24
2364 225.89
2365 225.89
2366 226.21
2367 226.21
2368 226.21
2369 226.54
2370 226.54
2371 226.54
2372 226.54
2373 226.54
2374 226.54
2375 226.21
2376 226.54
2377 226.54
2378 226.54
2379 226.54
2380 226.54
2381 226.54
2382 226.54
2383 226.54
2384 226.54
2385 226.54
2386 226.54
2387 226.54
2388 226.54
2389 226.54
2390 226.86
2391 226.86
2392 227.18
2393 226.86
2394 227.83
2395 227.51
2396 227.83
2397 227.83
2398 227.51
2399 228.16
2400 227.51
2401 227.83
2402 227.18
2403 227.18
2404 227.18
2405 226.86
2406 226.86
2407 226.54
2408 226.54
2409 226.54
2410 226.54
2411 226.21
2412 226.21
2413 225.24
2414 225.57
2415 224.92
2416 224.60
2417 224.27
2418 224.60
2419 223.62
2420 223.95
2421 223.62
2422 223.62
2423 223.62
2424 223.30
2425 223.62
2426 223.30
2427 223.62
2428 223.30
2429 223.30
2430 223.30
2431 223.30
2432 223.30
2433 223.30
2434 222.98
2435 222.98
2436 222.98
2437 222.33
2438 222.65
2439 221.68
2440 221.04
2441 221.68
2442 221.04
2443 221.04
2444 221.36
2445 221.04
2446 221.68
2447 221.04
2448 221.68
2449 222.01
2450 222.33
2451 222.01
2452 222.65
2453 222.65
2454 222.98
2455 222.98
2456 222.98
2457 223.30
2458 222.98
2459 223.30
2460 223.30
2461 223.30
2462 223.30
2463 223.30
2464 223.30
2465 223.30
2466 223.30
2467 223.30
2468 223.30
2469 223.30
2470 223.30
2471 223.30
2472 223.30
2473 223.30
2474 223.30
2475 223.30
2476 223.30
2477 223.30
2478 223.30
2479 222.98
2480 223.30
2481 222.98
2482 222.98
2483 222.98
2484 222.98
2485 222.98
2486 222.98
2487 222.98
2488 222.98
2489 222.98
2490 222.98
2491 222.98
2492 222.98
2493 222.98
2494 222.98
2495 222.65
2496 222.65
2497 222.65
2498 222.01
2499 222.33
2500 221.68
2501 222.33
2502 221.36
2503 221.36
2504 220.71
2505 221.36
2506 220.39
2507 220.71
2508 220.39
2509 220.39
2510 220.39
2511 220.39
2512 220.39
2513 220.39
2514 220.71
2515 220.71
2516 220.71
2517 221.36
2518 220.71
2519 221.68
2520 221.04
2521 221.68
2522 222.01
2523 222.33
2524 221.68
2525 222.33
2526 221.68
2527 222.33
2528 222.01
2529 222.65
2530 222.65
2531 222.65
2532 222.98
2533 222.98
2534 223.30
2535 223.30
2536 223.30
2537 223.30
2538 223.30
2539 223.30
2540 223.30
2541 223.30
2542 223.30
2543 223.30
2544 223.30
2545 223.62
2546 223.62
2547 223.62
2548 223.62
2549 223.95
2550 223.95
2551 223.95
2552 224.60
2553 224.27
2554 224.92
2555 224.60
2556 225.24
2557 224.92
2558 225.57
2559 224.92
2560 225.57
2561 225.24
2562 225.24
2563 225.89
2564 225.24
2565 226.21
2566 225.89
2567 226.21
2568 226.21
2569 226.21
2570 226.54
2571 226.54
2572 226.54
2573 226.54
2574 226.54
2575 226.54
2576 227.18
2577 226.86
2578 227.83
2579 227.18
2580 228.16
2581 227.83
2582 227.83
2583 228.16
2584 227.51
2585 228.16
2586 227.51
2587 227.83
2588 227.51
2589 227.18
2590 227.83
2591 227.51
2592 227.83
2593 227.18
2594 227.51
2595 227.51
2596 227.18
2597 227.83
2598 226.86
2599 227.83
2600 227.18
2601 226.86
2602 226.86
2603 226.86
2604 226.86
2605 226.54
2606 226.86
2607 226.54
2608 226.54
2609 226.54
2610 226.54
2611 225.57
2612 225.57
2613 224.60
2614 223.95
2615 223.62
2616 223.30
2617 223.30
2618 222.98
2619 222.98
2620 222.98
2621 222.98
2622 222.65
2623 222.33
2624 222.98
2625 222.01
2626 222.65
2627 222.33
2628 222.01
2629 222.65
2630 221.68
2631 222.33
2632 221.68
2633 222.33
2634 222.01
2635 221.68
2636 221.04
2637 221.68
2638 221.04
2639 221.36
2640 220.71
2641 220.71
2642 220.71
2643 220.39
2644 220.39
2645 220.06
2646 220.06
2647 220.06
2648 220.06
2649 220.06
2650 220.06
2651 219.74
2652 219.74
2653 219.74
2654 219.42
2655 219.42
2656 219.42
2657 219.74
2658 219.42
2659 219.74
2660 219.74
2661 219.74
2662 219.74
2663 219.74
2664 220.06
2665 220.06
2666 220.06
2667 220.06
2668 220.06
2669 220.06
2670 220.06
2671 220.06
2672 220.06
2673 220.06
2674 220.06
2675 220.06
2676 220.06
2677 219.74
2678 220.06
2679 219.74
2680 219.74
2681 219.74
2682 219.74
2683 219.74
2684 219.42
2685 219.42
2686 219.42
2687 219.42
2688 219.42
2689 218.77
2690 219.09
2691 218.45
2692 219.09
2693 218.77
2694 218.77
2695 217.80
2696 218.45
2697 217.80
2698 218.12
2699 217.48
2700 217.48
2701 217.48
2702 217.15
2703 217.48
2704 217.15
2705 217.15
2706 217.15
2707 217.15
2708 217.48
2709 217.15
2710 218.12
2711 217.48
2712 218.12
2713 217.80
2714 217.80
2715 218.45
2716 219.09
2717 218.45
2718 219.09
2719 218.77
2720 218.77
2721 219.09
2722 218.45
2723 219.09
2724 218.45
2725 219.09
2726 218.77
2727 218.77
2728 219.09
2729 218.45
2730 219.09
2731 218.77
2732 219.09
2733 219.09
2734 218.77
2735 219.09
2736 218.45
2737 219.09
2738 218.77
2739 219.09
2740 219.09
2741 218.77
2742 219.09
2743 218.45
2744 219.09
2745 218.77
2746 219.09
2747 219.09
2748 218.77
2749 219.42
2750 219.42
2751 220.06
2752 219.74
2753 220.06
2754 220.06
2755 220.39
2756 220.39
2757 221.36
2758 221.04
2759 221.36
2760 221.36
2761 221.04
2762 221.68
2763 221.04
2764 221.68
2765 221.04
2766 221.04
2767 221.36
2768 220.71
2769 221.36
2770 221.04
2771 221.36
2772 221.04
2773 221.04
2774 221.68
2775 221.04
2776 221.68
2777 221.04
2778 221.68
2779 221.36
2780 221.04
2781 221.36
2782 220.71
2783 221.36
2784 220.39
2785 220.39
2786 220.39
2787 220.06
2788 220.39
2789 220.06
2790 220.39
2791 220.06
2792 220.39
2793 220.39
2794 220.06
2795 220.39
2796 220.39
2797 220.39
2798 220.06
2799 220.39
2800 220.06
2801 220.06
2802 220.06
2803 220.06
2804 220.06
2805 220.06
2806 220.06
2807 219.42
2808 219.42
2809 218.45
2810 217.80
2811 218.12
2812 217.48
2813 217.48
2814 217.15
2815 217.15
2816 217.15
2817 216.83
2818 217.15
2819 217.15
2820 216.83
2821 217.15
2822 216.83
2823 216.83
2824 216.83
2825 216.83
2826 216.83
2827 216.83
2828 216.83
2829 216.83
2830 216.83
2831 216.83
2832 216.83
2833 216.83
2834 216.83
2835 216.83
2836 216.83
2837 216.83
2838 216.83
2839 216.83
2840 216.83
2841 216.83
2842 216.83
2843 216.83
2844 216.83
2845 216.83
2846 216.83
2847 216.83
2848 216.83
2849 216.83
2850 216.83
2851 216.83
2852 216.83
2853 216.83
2854 216.83
2855 216.83
2856 216.83
2857 216.83
2858 216.83
2859 216.83
2860 216.83
2861 216.50
2862 216.50
2863 216.50
2864 216.18
2865 216.18
2866 215.53
2867 215.86
2868 215.21
2869 214.56
2870 214.89
2871 214.24
2872 214.24
2873 213.92
2874 213.59
2875 213.59
2876 213.59
2877 213.59
2878 213.59
2879 213.59
2880 213.27
2881 213.59
2882 213.27
2883 212.94
2884 212.94
2885 212.62
2886 212.62
2887 211.97
2888 212.62
2889 211.97
2890 211.65
2891 211.65
2892 211.65
2893 211.33
2894 211.97
2895 211.33
2896 211.97
2897 211.33
2898 211.33
2899 211.65
2900 211.33
2901 211.97
2902 211.33
2903 211.97
2904 211.65
2905 211.65
2906 211.97
2907 212.62
2908 211.97
2909 212.62
2910 211.97
2911 212.30
2912 212.62
2913 211.97
2914 212.62
2915 212.30
2916 213.27
2917 213.27
2918 213.59
2919 213.59
2920 213.59
2921 213.59
2922 213.92
2923 214.24
2924 214.56
2925 214.89
2926 214.56
2927 215.21
2928 215.86
2929 215.21
2930 215.86
2931 215.86
2932 215.53
2933 216.18
2934 215.53
2935 215.86
2936 215.53
2937 215.86
2938 215.86
2939 215.21
2940 215.86
2941 215.21
2942 215.86
2943 215.21
2944 215.53
2945 215.86
2946 215.53
2947 216.18
2948 215.86
2949 216.50
2950 216.50
2951 216.50
2952 216.83
2953 216.83
2954 216.83
2955 216.83
2956 216.83
2957 216.83
2958 216.83
2959 216.83
2960 216.83
2961 216.83
2962 216.83
2963 216.83
2964 216.83
2965 216.83
2966 216.83
2967 216.83
2968 216.83
2969 216.83
2970 216.83
2971 216.83
2972 216.83
2973 216.83
2974 216.83
2975 216.83
2976 216.83
2977 216.83
2978 216.83
2979 217.15
2980 217.15
2981 217.15
2982 217.15
2983 217.48
2984 217.48
2985 217.48
2986 218.45
2987 217.80
2988 218.45
2989 219.09
2990 218.77
2991 218.77
2992 219.42
2993 218.77
2994 219.42
2995 219.42
2996 219.74
2997 219.42
2998 218.77
2999 219.42