2000 212.94
2001 213.59
2002 213.59
2003 215.21
2004 216.83
2005 216.83
2006 217.80
2007 219.74
2008 220.39
2009 222.33
2010 223.30
2011 223.62
2012 225.89
2013 226.86
2014 228.80
2015 231.07
2016 232.69
2017 234.63
2018 236.25
2019 238.19
2020 240.13
2021 241.75
2022 243.04
2023 245.31
2024 245.95
2025 248.54
2026 248.87
2027 250.16
2028 252.10
2029 252.43
2030 254.69
2031 255.34
2032 255.99
2033 257.61
2034 258.90
2035 260.84
2036 261.81
2037 262.46
2038 264.72
2039 265.70
2040 267.31
2041 268.61
2042 268.93
2043 271.52
2044 271.84
2045 273.46
2046 274.43
2047 275.08
2048 276.38
2049 277.67
2050 278.64
2051 278.96
2052 281.23
2053 281.55
2054 281.88
2055 284.79
2056 284.79
2057 285.11
2058 285.44
2059 288.03
2060 288.35
2061 290.29
2062 291.26
2063 291.59
2064 292.88
2065 294.17
2066 294.50
2067 294.82
2068 294.82
2069 295.79
2070 295.47
2071 296.12
2072 297.09
2073 296.76
2074 297.09
2075 297.41
2076 297.41
2077 297.73
2078 297.41
2079 297.73
2080 297.73
2081 297.73
2082 297.73
2083 297.41
2084 297.41
2085 297.09
2086 297.09
2087 297.09
2088 296.44
2089 296.76
2090 296.12
2091 295.47
2092 296.12
2093 295.47
2094 295.15
2095 295.15
2096 294.82
2097 294.82
2098 294.50
2099 294.50
2100 294.17
2101 293.85
2102 292.88
2103 292.23
2104 292.23
2105 291.26
2106 291.26
2107 290.94
2108 291.26
2109 289.97
2110 290.29
2111 289.64
2112 288.67
2113 288.35
2114 288.03
2115 288.03
2116 288.03
2117 287.70
2118 287.38
2119 287.06
2120 286.73
2121 286.41
2122 285.76
2123 286.08
2124 285.11
2125 285.11
2126 284.79
2127 284.79
2128 284.47
2129 284.79
2130 284.14
2131 284.14
2132 283.50
2133 283.50
2134 282.85
2135 283.17
2136 282.20
2137 282.20
2138 281.55
2139 281.55
2140 281.23
2141 281.23
2142 280.26
2143 279.29
2144 278.96
2145 278.32
2146 278.32
2147 278.32
2148 278.32
2149 277.99
2150 277.99
2151 277.67
2152 277.67
2153 277.35
2154 276.70
2155 276.05
2156 276.70
2157 275.40
2158 275.73
2159 275.40
2160 275.08
2161 275.08
2162 275.08
2163 275.08
2164 274.76
2165 274.76
2166 274.43
2167 274.43
2168 273.46
2169 272.82
2170 273.46
2171 272.49
2172 272.49
2173 272.17
2174 271.84
2175 271.84
2176 271.84
2177 271.84
2178 271.84
2179 271.84
2180 271.84
2181 271.84
2182 271.84
2183 271.84
2184 271.84
2185 271.84
2186 271.84
2187 271.84
2188 271.84
2189 271.84
2190 271.84
2191 271.84
2192 271.84
2193 271.84
2194 272.17
2195 272.17
2196 272.49
2197 272.49
2198 272.49
2199 272.49
2200 272.49
2201 273.14
2202 272.49
2203 273.14
2204 272.49
2205 273.14
2206 273.14
2207 272.49
2208 273.14
2209 272.82
2210 273.14
2211 272.82
2212 272.82
2213 273.14
2214 272.82
2215 273.46
2216 272.82
2217 273.46
2218 272.82
2219 272.82
2220 273.14
2221 272.49
2222 273.14
2223 272.49
2224 272.49
2225 272.49
2226 272.49
2227 272.17
2228 272.17
2229 272.17
2230 271.84
2231 271.84
2232 271.84
2233 271.84
2234 271.84
2235 271.84
2236 271.84
2237 271.84
2238 271.84
2239 271.84
2240 271.84
2241 271.84
2242 271.84
2243 271.84
2244 271.84
2245 271.84
2246 271.84
2247 271.84
2248 271.84
2249 271.84
2250 271.84
2251 271.84
2252 271.84
2253 271.84
2254 271.84
2255 271.84
2256 271.84
2257 271.84
2258 271.84
2259 271.84
2260 271.84
2261 271.84
2262 271.84
2263 271.84
2264 272.17
2265 272.17
2266 272.17
2267 273.14
2268 272.82
2269 273.46
2270 274.11
2271 273.79
2272 274.43
2273 274.76
2274 274.76
2275 275.08
2276 275.08
2277 275.08
2278 275.08
2279 275.40
2280 275.08
2281 275.73
2282 275.40
2283 276.38
2284 276.05
2285 276.38
2286 276.70
2287 276.05
2288 276.70
2289 276.05
2290 276.38
2291 275.73
2292 275.73
2293 275.40
2294 275.08
2295 275.08
2296 275.08
2297 274.76
2298 274.43
2299 274.43
2300 273.79
2301 274.11
2302 273.46
2303 273.79
2304 273.14
2305 273.14
2306 272.82
2307 273.46
2308 272.82
2309 273.46
2310 272.82
2311 272.82
2312 273.14
2313 272.49
2314 272.82
2315 272.17
2316 272.17
2317 271.84
2318 271.84
2319 271.84
2320 271.84
2321 271.52
2322 271.52
2323 271.20
2324 271.20
2325 271.20
2326 270.55
2327 270.87
2328 270.23
2329 270.87
2330 270.23
2331 269.90
2332 269.58
2333 270.23
2334 269.58
2335 270.23
2336 269.58
2337 269.90
2338 269.90
2339 269.26
2340 269.90
2341 269.26
2342 269.90
2343 269.58
2344 269.58
2345 269.90
2346 269.58
2347 270.23
2348 269.58
2349 270.23
2350 270.87
2351 270.87
2352 270.23
2353 270.87
2354 270.23
2355 271.20
2356 270.55
2357 270.87
2358 270.87
2359 270.23
2360 270.87
2361 270.23
2362 270.87
2363 270.55
2364 270.55
2365 270.87
2366 270.23
2367 270.87
2368 270.23
2369 270.87
2370 270.55
2371 270.55
2372 270.87
2373 270.23
2374 270.87
2375 270.23
2376 270.87
2377 270.87
2378 270.55
2379 270.87
2380 270.23
2381 270.87
2382 270.23
2383 270.87
2384 269.90
2385 270.23
2386 269.58
2387 269.90
2388 268.93
2389 269.26
2390 268.93
2391 268.61
2392 268.61
2393 268.61
2394 268.28
2395 268.28
2396 267.96
2397 267.64
2398 267.64
2399 266.99
2400 266.34
2401 266.99
2402 266.02
2403 266.02
2404 265.70
2405 265.70
2406 265.70
2407 265.37
2408 265.37
2409 265.37
2410 265.37
2411 265.37
2412 265.37
2413 265.37
2414 265.37
2415 265.05
2416 265.05
2417 265.05
2418 264.72
2419 265.05
2420 264.72
2421 264.72
2422 264.72
2423 264.40
2424 264.72
2425 263.75
2426 264.40
2427 263.75
2428 264.40
2429 264.08
2430 264.08
2431 264.40
2432 263.75
2433 264.40
2434 263.75
2435 264.40
2436 264.08
2437 264.08
2438 264.40
2439 264.08
2440 264.72
2441 264.08
2442 265.05
2443 265.05
2444 265.05
2445 265.05
2446 265.05
2447 265.37
2448 265.37
2449 265.37
2450 265.37
2451 265.37
2452 265.37
2453 265.37
2454 265.37
2455 265.37
2456 265.37
2457 265.37
2458 265.70
2459 265.37
2460 265.70
2461 265.37
2462 265.37
2463 265.37
2464 265.37
2465 265.37
2466 265.37
2467 265.37
2468 265.37
2469 265.37
2470 265.37
2471 265.37
2472 265.37
2473 265.37
2474 265.37
2475 265.37
2476 265.37
2477 265.37
2478 265.37
2479 265.37
2480 265.37
2481 265.37
2482 265.37
2483 265.37
2484 265.37
2485 265.37
2486 265.37
2487 265.37
2488 265.37
2489 265.37
2490 265.37
2491 265.37
2492 265.37
2493 265.70
2494 265.37
2495 265.70
2496 265.70
2497 265.37
2498 265.70
2499 265.70
2500 265.70
2501 265.37
2502 265.70
2503 265.70
2504 265.37
2505 265.70
2506 265.37
2507 265.70
2508 265.37
2509 265.37
2510 265.70
2511 265.37
2512 265.70
2513 265.70
2514 266.02
2515 266.02
2516 266.02
2517 266.67
2518 266.34
2519 266.99
2520 266.34
2521 267.31
2522 267.31
2523 267.64
2524 266.99
2525 267.64
2526 267.31
2527 267.96
2528 267.96
2529 267.96
2530 267.96
2531 268.28
2532 268.28
2533 268.28
2534 268.61
2535 268.28
2536 268.28
2537 268.61
2538 268.28
2539 268.28
2540 267.31
2541 267.64
2542 267.31
2543 266.99
2544 266.02
2545 266.34
2546 265.70
2547 265.70
2548 265.37
2549 265.37
2550 265.37
2551 265.37
2552 265.37
2553 265.37
2554 265.37
2555 265.37
2556 265.37
2557 265.70
2558 265.37
2559 265.70
2560 265.37
2561 265.70
2562 265.37
2563 265.37
2564 265.37
2565 265.37
2566 265.37
2567 265.05
2568 265.05
2569 264.72
2570 264.72
2571 263.75
2572 263.11
2573 263.43
2574 262.78
2575 262.78
2576 262.46
2577 262.14
2578 262.14
2579 262.14
2580 262.14
2581 261.81
2582 261.81
2583 261.49
2584 261.49
2585 260.84
2586 261.17
2587 260.84
2588 260.84
2589 261.17
2590 260.52
2591 261.17
2592 260.52
2593 260.84
2594 260.52
2595 260.19
2596 260.19
2597 260.52
2598 259.87
2599 260.52
2600 260.19
2601 260.19
2602 260.52
2603 260.84
2604 260.52
2605 261.17
2606 260.52
2607 261.17
2608 261.17
2609 260.84
2610 261.49
2611 261.17
2612 261.81
2613 261.81
2614 262.14
2615 262.14
2616 262.46
2617 262.14
2618 262.46
2619 262.46
2620 262.46
2621 262.46
2622 262.46
2623 262.78
2624 262.46
2625 262.46
2626 262.46
2627 262.46
2628 262.46
2629 262.14
2630 262.46
2631 262.14
2632 262.46
2633 262.14
2634 262.46
2635 262.14
2636 262.14
2637 262.14
2638 262.14
2639 262.14
2640 262.14
2641 262.14
2642 261.81
2643 262.14
2644 261.81
2645 262.14
2646 261.81
2647 262.14
2648 262.14
2649 261.81
2650 262.14
2651 262.14
2652 262.14
2653 262.14
2654 262.14
2655 262.14
2656 262.14
2657 262.14
2658 261.81
2659 262.14
2660 261.81
2661 261.81
2662 261.81
2663 261.49
2664 261.81
2665 261.49
2666 261.81
2667 261.81
2668 261.81
2669 261.81
2670 261.81
2671 262.14
2672 261.81
2673 262.14
2674 262.14
2675 262.14
2676 262.14
2677 262.46
2678 262.14
2679 262.46
2680 262.46
2681 262.14
2682 262.46
2683 262.14
2684 262.14
2685 262.14
2686 262.14
2687 261.81
2688 261.81
2689 260.84
2690 261.17
2691 260.52
2692 259.87
2693 259.87
2694 259.22
2695 258.90
2696 258.90
2697 258.90
2698 258.90
2699 258.58
2700 258.58
2701 258.25
2702 258.25
2703 257.28
2704 256.63
2705 256.96
2706 256.31
2707 256.31
2708 255.99
2709 255.99
2710 255.99
2711 255.66
2712 255.66
2713 255.66
2714 255.66
2715 255.66
2716 255.66
2717 255.66
2718 255.66
2719 255.66
2720 255.34
2721 255.66
2722 255.02
2723 255.34
2724 254.05
2725 254.69
2726 253.72
2727 253.40
2728 253.07
2729 252.75
2730 252.43
2731 252.75
2732 252.43
2733 252.43
2734 252.43
2735 252.43
2736 252.43
2737 252.43
2738 252.75
2739 252.43
2740 252.43
2741 252.75
2742 252.43
2743 252.43
2744 252.43
2745 252.43
2746 252.43
2747 252.43
2748 252.43
2749 252.43
2750 252.75
2751 252.75
2752 252.75
2753 253.07
2754 253.07
2755 253.72
2756 253.40
2757 254.05
2758 253.40
2759 254.37
2760 254.37
2761 254.69
2762 254.05
2763 254.69
2764 254.05
2765 254.37
2766 254.37
2767 254.05
2768 253.40
2769 254.05
2770 253.40
2771 254.05
2772 253.72
2773 253.72
2774 254.05
2775 254.69
2776 254.05
2777 254.69
2778 254.37
2779 254.69
2780 255.02
2781 255.02
2782 255.34
2783 255.34
2784 255.66
2785 255.66
2786 255.66
2787 255.66
2788 255.66
2789 255.66
2790 255.99
2791 255.99
2792 255.99
2793 256.31
2794 256.31
2795 256.96
2796 256.31
2797 256.96
2798 256.63
2799 256.96
2800 257.28
2801 256.63
2802 257.28
2803 256.63
2804 256.96
2805 256.31
2806 256.31
2807 256.31
2808 255.99
2809 255.99
2810 255.66
2811 255.66
2812 255.66
2813 255.66
2814 255.34
2815 255.34
2816 255.02
2817 255.02
2818 254.69
2819 254.37
2820 254.69
2821 254.05
2822 253.40
2823 253.72
2824 253.07
2825 253.07
2826 252.75
2827 252.75
2828 252.75
2829 252.43
2830 252.43
2831 252.43
2832 252.43
2833 252.43
2834 252.43
2835 252.75
2836 252.75
2837 252.75
2838 253.07
2839 253.07
2840 253.72
2841 253.40
2842 254.05
2843 253.40
2844 254.05
2845 253.72
2846 253.40
2847 254.05
2848 253.40
2849 254.05
2850 253.40
2851 253.72
2852 253.72
2853 253.07
2854 253.72
2855 253.07
2856 253.72
2857 253.07
2858 253.40
2859 253.07
2860 253.07
2861 252.75
2862 252.75
2863 252.75
2864 252.43
2865 252.75
2866 252.75
2867 252.75
2868 252.75
2869 252.75
2870 253.72
2871 253.40
2872 254.37
2873 254.37
2874 255.02
2875 255.34
2876 255.66
2877 255.34
2878 255.66
2879 255.66
2880 255.34
2881 255.34
2882 255.02
2883 255.02
2884 254.37
2885 253.72
2886 253.07
2887 252.75
2888 252.43
2889 252.43
2890 252.43
2891 252.10
2892 251.46
2893 251.46
2894 250.81
2895 250.16
2896 250.81
2897 250.16
2898 250.16
2899 249.84
2900 249.51
2901 250.16
2902 249.51
2903 249.84
2904 249.51
2905 249.51
2906 249.84
2907 249.51
2908 249.51
2909 249.51
2910 249.51
2911 249.84
2912 249.84
2913 249.84
2914 249.51
2915 249.84
2916 249.51
2917 249.51
2918 249.51
2919 249.19
2920 249.51
2921 249.19
2922 249.19
2923 249.19
2924 249.19
2925 249.19
2926 249.19
2927 249.19
2928 249.19
2929 248.87
2930 248.87
2931 248.87
2932 248.54
2933 248.87
2934 248.22
2935 248.87
2936 248.54
2937 248.54
2938 248.54
2939 248.54
2940 248.87
2941 248.87
2942 249.19
2943 249.19
2944 249.51
2945 249.19
2946 250.16
2947 250.16
2948 250.81
2949 251.46
2950 251.13
2951 251.78
2952 252.10
2953 252.10
2954 252.43
2955 252.10
2956 252.43
2957 252.43
2958 252.43
2959 252.43
2960 252.75
2961 252.75
2962 252.75
2963 253.07
2964 253.07
2965 253.07
2966 253.07
2967 253.72
2968 253.40
2969 254.05
2970 253.72
2971 253.40
2972 254.05
2973 253.40
2974 254.05
2975 253.07
2976 253.72
2977 253.40
2978 253.07
2979 253.72
2980 253.40
2981 254.05
2982 253.07
2983 253.72
2984 253.72
2985 254.69
2986 254.05
2987 254.69
2988 254.37
2989 255.02
2990 254.69
2991 255.02
2992 255.02
2993 254.37
2994 255.34
2995 255.34
2996 255.34
2997 255.02
2998 254.05
2999 254.69